1.08413
1.08413
1.08413
1.08413
1.08413
1.0864
1.0864
1.0864
1.0864
1.09784
1.09784
1.09784
1.09784
1.09784
1.09784
1.09784
1.09784
1.10647
1.10647
1.10647
1.10647
1.10647
1.10647
1.10647
1.10647
1.10647
1.10701
1.10701
1.15578
1.15578
1.16892
1.16892
1.16892
1.16892
1.16892
1.16892
1.16892
1.16892
1.16892
1.16892
1.16892
1.16892
1.16892
1.16892
1.16892
1.16892
1.18584
1.18584
1.18584
1.18584
1.18584
1.18584
1.18584
1.18584
1.18584
1.18584
1.18584
1.18584
1.18584
1.18584
1.18584
1.18584
1.20027
1.20027
1.20027
1.20027
1.21121
1.21121
1.21121
1.21121
1.21121
1.21121
1.21121
1.21121
1.21121
1.21121
1.21121
1.21121
1.21121
1.21121
1.21121
1.21121
1.21121
1.21121
1.21121
1.21121
1.21121
1.21121
1.21121
1.21121
1.21121
1.21121
1.21121
1.21121
1.21121
1.21121
1.21121
1.21311
1.21311
1.21311
1.21311
1.21311
1.21311
1.21545
1.21545
1.21545
1.21545
1.21545
1.21545
1.21545
1.21545
1.21545
1.21545
1.21545
